1916910
3831909
4944011
2766923
6894056
854416
282264
3642019
4176062
6058929
4724433
6818541
3693651
613045
7181236
2898020
6465658
6330027
2140319
957179
1919606
41348
5916689
1260879
6086180
1203492
5515438
3746201
1968508
2477574
5089919
4270276
3388433
2428292
6986787
4662311
1417092
2578473
3703459
6374320
1102102
1663694
1176608
4434945
3621292
1358022
2943276
4204233
2230145
3472068
6781445
332365
3861140
3195546
6543005
6360198
1178429
5430024
2909142
4020610
578738
841502
6678909
6344323
1178186
3837326
6712110
2351323
1160766
6855877
3337724
1593730
14577
4469907
2905661
6497269
3651925
6973374
198424
2738955
2791880
2438701
2630805
4611127
237606
5025756
5887489
3663042
812797
6542669
2983858
3420001
5152238
1746047
2163078
5085567
5570649
99913
3979882
4710054
6725567
4983869
1831920
2967245
887139
952653
4620945
2500795
3051835
6781492
2771255
1650131
4983046
71164
4953102
5715009
3663538
2223967
5321850
2199704
5592530
809335
5758816
3544478
6012734
5474963
6512484
2010024
3217401
1963647
2381638
6234221
793051
2903840
2931403
2708478
1277740
1918271
4761202
5890993
3040472
1155482
2083436
5790456
1185667
5701401
3784232
2310286
1986463
5788784
750937
6050279
572187
5179986
6241544
7064062
1798404
179466
1609645
880883
2780983
608769
2039914
4090067
2371694
6810790
2723692
6881828
1972567
4961721
988921
5848774
5505113
3193645
3296663
4912087
537066
4667902
5702251
1612083
295568
2776708
2483939
3222255
2792478
6629169
1256201
1081888
4426571
124477
477240
5622292
6754323
1495767
4644171
2392165
6897003
5899129
5343908
1607671
330078
2645883
5351968
6738794
4859766
5062954
6118835
5097600
6199556
3217015
4884487
922741
5314267
485429
2027036
2971380
6810383
7055225
280570
4242679
216648
4080641
709081
4549930
5908583
2526873
967199
584312
2529771
7191859
3847380
2424766
2268388
2762060
133883
263768
6341782
2902406
3388351
2904372
5068221
2881473
3623517
266905
2151015
6950522
3903196
6937939
5721551
5448550
476197
978176
892233
5504612
6521891
2906694
1317876
2703891
3654191
6594341
553282
792225
5444859
2198819
5224992
1677130
2840276
3666247
6785009
417786
2200022
1739166
2780680
5507770
6241651
4902318
4885364
1191469
5795678
5139683
6704049
54102
4304751
2647434
5356051
5501293
1882085
1840310
4900357
3504546
2732893
400985
6489807
5787407
3472293
231929
3696027
2693308
3599041
2882181
151210
3784686
1157872
1480658
7039867
6975823
5486716
551296
3723575
4333419
3154742
11855
3144111
3616302
4833667
5015956
5648696
1003562
1178419
5482899
3202955
4545378
754445
6031559
2410673
1440265
5013699
1197425
533922
276015
6107142
2696522
6357560
651975
3579791
5445204
4373723
3814435
6570476
7115644
2019367
891445
1258783
6362058
899649
2158154
1189163
524144
1721028
5173367
4656182
547715
1246726
1051544
2828997
1672886
4052402
4212225
712909
1147162
6656060
6204059
6529506
832085
256545
4228348
2267867
4019980
2558973
1034202
4093942
2411735
869132
1846918
2550957
6000988
5653800
6786606
6057862
1075467
4263867
5947873
4561340
3392245
1867752
177437
2373540
1623131
6333120
4891723
3796508
4025723
1786402
52673
6849783
5191262
2016334
5369074
6285588
2745741
5193405
1729625
4675955
7042976
2728622
3350469
5863638
3568932
363161
942906
1165358
645726
2913525
460979
4056889
2429229
3902673
6592237
2792731
6931768
2776892
6797030
4913223
6515795
1832054
2931443
102855
797276
3620388
2681892
5817559
57192
6038421
2720240
2780943
6868687
3433686
3985325
6747309
6232769
1876209
4964203
3233245
1573764
4953640
6925353
1872526
3383770
2319607
1188483
5159299
3812591
1694300
465104
4878031
5819198
833535
4995337
157265
2608613
5285994
2256682
3227792
5958464
2395078
1039651
2172207
1173747
6059754
4795325
1002418
2352388
6001704
5176875
1078448
3041019
3213563
6380651
2995668
4980002
5175109
89360
273073
656001
2878918
6498214
3211537
5451084
5135758
1203733
6273914
643780
1176716
6131067
4534164
1504770
4857050
6960123
6364835
6942501
3354389
526066
6311197
1435563
3858935
762001
2771867
5397311
5022563
710241
4414337
151049
4689941
7062411
6081608
6083638
2796818
5724772
2932123
1828795
3026738
3576754
6195231
5285838
7033890
722244
6010037
3252314
6139017
4112736
6940867
5268823
2048454
5338826
510653
6497483
963092
4012644
4334024
959775
3676452
2649536
23854
346341
6367029
5944522
2981445
6653489
3446111
3428725
4748558
1178921
687156
6218800
1731556
4009155
6131395
2523912
7043314
6275754
5443600
1614574
5556874
6314066
316118
1441960
6162684
4708254
6275215
5873181
2609085
656126
4148109
4726125
5935026
3288539
7105305
5416694
964062
1553214
6123961
3359029
6610396
6616097
5918053
4092129
4442770
5737198
3173912
2881257
4081906
1094657
5828583
3577742
1014253
796113
799735
34030
1720899
6343697
557396
1000027
343052
244840
6612695
6064900
1291165
3575040
2215748
1980561
925715
3099447
5023602
2418599
5061869
6067306
6371178
5533537
2324519
304017
6443921
4606086
4002542
5531660
699182
5399465
6317652
55355
6748580
2937630
5693587
7046051
2406623
5682407
645040
315442
3716980
347127
643851
4968583
251478
3110471
5480858
6004209
2760751
4443294
2490237
3842177
1876838
4135110
6538720
4085745
407742
737093
2370086
7150498
5156536
570063
4433626
3560330
1942439
2115774
3430720
6959045
3057920
6092977
6885046
2067862
3904032
4196582
1849964
6338300
6368749
7126906
733533
4466520
5086998
1072560
6430159
1174207
879672
7056319
4526682
138588
5985170
7210214
6266187
2865029
6758087
2344313
7019429
4061011
4181777
5952869
1432434
4468057
1620976
182073
5460684
4606410
417716
4863675
4991777
5379285
895516
1091203
1280747
64023
4574873
2690625
2004665
1245217
1470446
1601528
1829342
1227814
6652926
2492571
614343
2727196
3922007
5680866
2312113
6049195
7207237
1540691
3156527
2733777
6969797
4627754
5818904
6634040
423153
3447755
5030287
322451
5463176
4270858
3682329
3266999
183936
6942838
7128951
4578971
3071667
1924575
581572
2383046
6453480
2213659
2904797
4141770
4309211
4114526
1574093
5919877
264591
4515610
3128957
2576380
5584520
1252019
3560101
5321205
3688527
3429290
4243600
4132709
4727349
6244677
2864529
6930340
2749260
1227736
1671777
6856739
602781
1393435
539168
4367140
1558002
4244222
1652234
2821784
2511261
6629061
808723
1840473
1347093
5381492
6734366
3570935
4655700
1268980
4352541
6408018
3538432
132697
1294880
2161066
1999183
444710
2564781
4165173
3861964
4361760
3509119
950107
6962453
5359231
2647917
1088686
1638094
5378394
365186
4287555
1143130
5505892
7184121
1255951
4468999
3883260
5906335
2322427
4203339
512003
4119009
4047066
3133921
6943512
5134081
1865678
6681697
3037490
5892196
5447298
2974919
3713146
3914300
7030666
531531
5554402
6298241
7145007
6966588
4593789
471991
926918
3556996
4787403
1366965
1281932
834132
1132906
6188918
3066706
6339998
5953717
7065260
4580222
4991513
5718091
246649
5918828
4963453
3116625
1760329
58812
3039601
3108513
4299062
7109592
3811486
3777091
5676659
633192
1848649
2574013
1797713
1263305
4135421
3489190
5846309
5417308
2507890
5824114
1817264
4280079
1127583
1264322
1634017
5716478
2803344
6577300
879506
7130299
5451748
2243213
143391
4924789
3166842
6378641
535899
3274632
6409932
5053817
2198745
4221797
6283017
3223049
2435190
4091998
3001029
6010218
1109475
4754186
7412
2313042
6858138
90606
570884
1539533
7180858
3551581
4530312
43030
2063316
7120489
5469079
492814
5852152
886895
2958820
6695074
4000313
102978
6982506
5558383
577102
2637624
3467749
4877682
5676623
5847047
567899
1219234
265140
1733361
6584274
9842
1640667
1214531
1080994
4677997
3504886
5003870
2090848
7064096
2079709
3794991
561725
4897829
1313321
3824149
5786548
2260597
4989636
5579862
1889636
4899313
7161322
3980654
6717708
1497051
1659851
3493428
3327939
5649702
4369
5418017
5996245
2271304
5139469
1816859
2232876
7122401
3053911
6156174
3857306
3956752
6103146
2721400
1198505
1365994
6184878
2436101
5594158
498549
1739173
1752545
